[db]
host = 127.0.0.1
port = 27017
name = twitter

[server]
host = 0.0.0.0
port = 12345
min_lat = 49.962706
min_lon = 19.69368
max_lat = 50.163704
max_lon = 20.20282

[debug]
verbose = off

